2.2091621494597473
2.180561212721669
2.1569268288140635
2.136208760842685
2.1220074327949128
2.1220812849181017
2.1295305005014105
2.132900696471524
2.1267057005927095
2.1067005708247795
2.0677330356766315
2.004646971251167
1.9118442515232388
1.7922030318303475
1.6647817116336108
1.547171420620792
1.4441960583429836
1.3502101187265856
1.2474173259800176
1.1231272121699183
0.9939035714807365
0.8681732382266181
0.6890926930376764
0.4577665082046696
0.28367262872369814
0.17525801779023636
0.10942532024493973
0.07168252047460436
0.050215800524878694
0.037626643455579506
